1 199.010000 71.170000 39.520000 59.910000 1.000000
1 205.001000 71.170000 39.520000 59.910000 0.736723
1 204.544962 68.877344 39.520000 59.910000 0.705083
1 203.246277 66.933723 39.520000 59.910000 0.708928
1 201.302656 65.635038 39.520000 59.910000 0.746663
1 199.010000 65.179000 39.520000 59.910000 0.818182
1 196.717344 65.635038 39.520000 59.910000 0.746663
1 194.773723 66.933723 39.520000 59.910000 0.708928
1 193.475038 68.877344 39.520000 59.910000 0.705083
1 193.019000 71.170000 39.520000 59.910000 0.736723
1 193.475038 73.462656 39.520000 59.910000 0.705083
1 194.773723 75.406277 39.520000 59.910000 0.708928
1 196.717344 76.704962 39.520000 59.910000 0.746663
1 199.010000 77.161000 39.520000 59.910000 0.818182
1 201.302656 76.704962 39.520000 59.910000 0.746663
1 203.246277 75.406277 39.520000 59.910000 0.708928
1 204.544962 73.462656 39.520000 59.910000 0.705083
0 210.079925 66.584687 39.520000 59.910000 0.497895
0 187.940075 66.584687 39.520000 59.910000 0.497895
0 187.940075 75.755313 39.520000 59.910000 0.497895
0 210.079925 75.755313 39.520000 59.910000 0.497895
0 216.983000 71.170000 39.520000 59.910000 0.374776
0 215.614887 64.292031 39.520000 59.910000 0.345232
0 211.718830 58.461170 39.520000 59.910000 0.364727
0 205.887969 54.565113 39.520000 59.910000 0.425553
0 192.132031 54.565113 39.520000 59.910000 0.425553
0 186.301170 58.461170 39.520000 59.910000 0.364727
0 182.405113 64.292031 39.520000 59.910000 0.345232
0 181.037000 71.170000 39.520000 59.910000 0.374776
0 182.405113 78.047969 39.520000 59.910000 0.345232
0 186.301170 83.878830 39.520000 59.910000 0.364727
0 192.132031 87.774887 39.520000 59.910000 0.425553
0 205.887969 87.774887 39.520000 59.910000 0.425553
0 211.718830 83.878830 39.520000 59.910000 0.364727
0 215.614887 78.047969 39.520000 59.910000 0.345232
0 222.974000 71.170000 39.520000 59.910000 0.245038
0 221.149849 61.999374 39.520000 59.910000 0.228850
0 215.955107 54.224893 39.520000 59.910000 0.257592
0 208.180626 49.030151 39.520000 59.910000 0.319394
0 199.010000 47.206000 39.520000 59.910000 0.428571
0 189.839374 49.030151 39.520000 59.910000 0.319394
0 182.064893 54.224893 39.520000 59.910000 0.257592
0 176.870151 61.999374 39.520000 59.910000 0.228850
0 175.046000 71.170000 39.520000 59.910000 0.245038
0 176.870151 80.340626 39.520000 59.910000 0.228850
0 182.064893 88.115107 39.520000 59.910000 0.257592
0 189.839374 93.309849 39.520000 59.910000 0.319394
0 199.010000 95.134000 39.520000 59.910000 0.428571
0 208.180626 93.309849 39.520000 59.910000 0.319394
0 215.955107 88.115107 39.520000 59.910000 0.257592
0 221.149849 80.340626 39.520000 59.910000 0.228850
0 228.965000 71.170000 39.520000 59.910000 0.137675
0 226.684811 59.706718 39.520000 59.910000 0.137900
0 220.191384 49.988616 39.520000 59.910000 0.176452
0 210.473282 43.495189 39.520000 59.910000 0.236086
0 199.010000 41.215000 39.520000 59.910000 0.333333
0 187.546718 43.495189 39.520000 59.910000 0.236086
0 177.828616 49.988616 39.520000 59.910000 0.176452
0 171.335189 59.706718 39.520000 59.910000 0.137900
0 169.055000 71.170000 39.520000 59.910000 0.137675
0 171.335189 82.633282 39.520000 59.910000 0.137900
0 177.828616 92.351384 39.520000 59.910000 0.176452
0 187.546718 98.844811 39.520000 59.910000 0.236086
0 199.010000 101.125000 39.520000 59.910000 0.333333
0 210.473282 98.844811 39.520000 59.910000 0.236086
0 220.191384 92.351384 39.520000 59.910000 0.176452
0 226.684811 82.633282 39.520000 59.910000 0.137900
0 234.956000 71.170000 39.520000 59.910000 0.047359
0 232.219774 57.414061 39.520000 59.910000 0.065535
0 224.427660 45.752340 39.520000 59.910000 0.114483
0 212.765939 37.960226 39.520000 59.910000 0.169963
0 199.010000 35.224000 39.520000 59.910000 0.250000
0 185.254061 37.960226 39.520000 59.910000 0.169963
0 173.592340 45.752340 39.520000 59.910000 0.114483
0 165.800226 57.414061 39.520000 59.910000 0.065535
0 163.064000 71.170000 39.520000 59.910000 0.047359
0 165.800226 84.925939 39.520000 59.910000 0.065535
0 173.592340 96.587660 39.520000 59.910000 0.114483
0 185.254061 104.379774 39.520000 59.910000 0.169963
0 199.010000 107.116000 39.520000 59.910000 0.250000
0 212.765939 104.379774 39.520000 59.910000 0.169963
0 224.427660 96.587660 39.520000 59.910000 0.114483
0 232.219774 84.925939 39.520000 59.910000 0.065535
0 240.947000 71.170000 39.520000 59.910000 0.000000
0 237.754736 55.121405 39.520000 59.910000 0.007233
0 228.663937 41.516063 39.520000 59.910000 0.067280
0 215.058595 32.425264 39.520000 59.910000 0.117206
0 199.010000 29.233000 39.520000 59.910000 0.176471
0 182.961405 32.425264 39.520000 59.910000 0.117206
0 169.356063 41.516063 39.520000 59.910000 0.067280
0 160.265264 55.121405 39.520000 59.910000 0.007233
0 157.073000 71.170000 39.520000 59.910000 0.000000
0 160.265264 87.218595 39.520000 59.910000 0.007233
0 169.356063 100.823937 39.520000 59.910000 0.067280
0 182.961405 109.914736 39.520000 59.910000 0.117206
0 199.010000 113.107000 39.520000 59.910000 0.176471
0 215.058595 109.914736 39.520000 59.910000 0.117206
0 228.663937 100.823937 39.520000 59.910000 0.067280
0 237.754736 87.218595 39.520000 59.910000 0.007233
0 246.938000 71.170000 39.520000 59.910000 0.000000
0 243.289698 52.828748 39.520000 59.910000 0.000000
0 232.900214 37.279786 39.520000 59.910000 0.031922
0 217.351252 26.890302 39.520000 59.910000 0.075161
0 199.010000 23.242000 39.520000 59.910000 0.111111
0 180.668748 26.890302 39.520000 59.910000 0.075161
0 165.119786 37.279786 39.520000 59.910000 0.031922
0 154.730302 52.828748 39.520000 59.910000 0.000000
0 151.082000 71.170000 39.520000 59.910000 0.000000
0 154.730302 89.511252 39.520000 59.910000 0.000000
0 165.119786 105.060214 39.520000 59.910000 0.031922
0 180.668748 115.449698 39.520000 59.910000 0.075161
0 199.010000 119.098000 39.520000 59.910000 0.111111
0 217.351252 115.449698 39.520000 59.910000 0.075161
0 232.900214 105.060214 39.520000 59.910000 0.031922
0 243.289698 89.511252 39.520000 59.910000 0.000000
0 252.929000 71.170000 39.520000 59.910000 0.000000
0 248.824661 50.536092 39.520000 59.910000 0.000000
0 237.136491 33.043509 39.520000 59.910000 0.006452
0 219.643908 21.355339 39.520000 59.910000 0.041953
0 199.010000 17.251000 39.520000 59.910000 0.052632
0 178.376092 21.355339 39.520000 59.910000 0.041953
0 160.883509 33.043509 39.520000 59.910000 0.006452
0 149.195339 50.536092 39.520000 59.910000 0.000000
0 145.091000 71.170000 39.520000 59.910000 0.000000
0 149.195339 91.803908 39.520000 59.910000 0.000000
0 160.883509 109.296491 39.520000 59.910000 0.006452
0 178.376092 120.984661 39.520000 59.910000 0.041953
0 199.010000 125.089000 39.520000 59.910000 0.052632
0 219.643908 120.984661 39.520000 59.910000 0.041953
0 237.136491 109.296491 39.520000 59.910000 0.006452
0 248.824661 91.803908 39.520000 59.910000 0.000000
0 258.920000 71.170000 39.520000 59.910000 0.000000
0 254.359623 48.243436 39.520000 59.910000 0.000000
0 241.372767 28.807233 39.520000 59.910000 0.000000
0 221.936564 15.820377 39.520000 59.910000 0.016240
0 199.010000 11.260000 39.520000 59.910000 0.000000
0 176.083436 15.820377 39.520000 59.910000 0.016240
0 156.647233 28.807233 39.520000 59.910000 0.000000
0 143.660377 48.243436 39.520000 59.910000 0.000000
0 139.100000 71.170000 39.520000 59.910000 0.000000
0 143.660377 94.096564 39.520000 59.910000 0.000000
0 156.647233 113.532767 39.520000 59.910000 0.000000
0 176.083436 126.519623 39.520000 59.910000 0.016240
0 199.010000 131.080000 39.520000 59.910000 0.000000
0 221.936564 126.519623 39.520000 59.910000 0.016240
0 241.372767 113.532767 39.520000 59.910000 0.000000
0 254.359623 94.096564 39.520000 59.910000 0.000000
